5 0.7880859375 0.501953125 0.423828125 0.0703125
1 0.744140625 0.638671875 0.1474609375 0.1005859375
8 0.66796875 0.5986328125 0.048828125 0.064453125
9 0.263671875 0.6982421875 0.4130859375 0.15234375
2 0.5205078125 0.533203125 0.0263671875 0.0595703125
1 0.935546875 0.66015625 0.12890625 0.078125
0 0.6982421875 0.83984375 0.603515625 0.3203125
4 0.1123046875 0.6005859375 0.1923828125 0.15625
8 0.412109375 0.5556640625 0.0361328125 0.05078125
6 0.478515625 0.494140625 0.0302734375 0.02734375
6 0.5126953125 0.4931640625 0.0244140625 0.02734375